8.4442 7.5795 4.2057 35.3543
4.0493 7.8380 3.0331 29.7743
4.7660 5.8338 9.0811 17.1389
7.5580 6.1837 2.5051 31.1381
9.0975 9.8279 8.1022 40.2803
7.2983 8.9884 6.8398 34.2250
4.7214 1.0070 4.3417 6.4272
9.6661 4.7701 8.6531 23.5712
2.6049 8.0503 5.4870 25.4624
3.9882 8.2484 6.6815 26.1808
0.0114 4.9358 8.6760 6.1881
8.7047 1.9107 5.6751 18.3526
2.3862 9.6754 8.0318 25.3789
3.2005 5.0794 9.3283 12.4425
1.0906 5.5127 7.0656 9.8990
5.4028 9.6384 6.0319 33.1499
5.8762 4.4499 5.9629 18.1575
2.9033 1.8939 1.8673 10.4875
6.1277 6.5666 4.7653 28.6124
8.7677 9.2338 8.4246 37.7128
8.9817 9.2308 5.4060 39.0374
2.7563 8.1163 8.4949 22.3532
8.9504 5.8980 9.4976 25.1371
6.6025 9.9626 9.1694 33.3978
7.9333 0.8237 6.1278 10.8045
8.4508 2.4304 7.3149 16.9977
1.1713 2.2046 7.9458 0.0988
1.0061 1.4636 6.9767 1.0241
0.4523 5.7387 9.1002 7.5444
0.2670 6.3500 6.0634 13.1984
5.7595 3.9121 3.7014 19.8242
0.2164 9.6103 1.8497 27.3807
1.2390 2.1058 8.0075 0.9858
4.2562 1.0150 2.5992 8.8754
2.2083 6.4693 3.5029 20.8232
0.3938 1.0092 9.8824 -4.9952
1.9936 3.5856 7.3160 8.6077
1.6942 6.7264 9.6655 11.9991
0.5805 6.7620 8.4542 12.5765
5.9679 4.4231 1.7482 24.0925
4.7163 4.0991 5.6911 15.1759
3.5715 8.3766 2.5093 29.7169
5.6060 0.1244 7.4157 4.0121
2.8088 2.4013 9.5313 3.5526
3.5223 2.8788 3.5920 13.4280
6.2108 7.1562 3.8802 29.5458
4.1442 6.5083 0.0152 28.1181
2.3942 6.3740 3.7865 20.9675
8.7542 5.6815 4.1441 29.1375
4.1823 6.6220 0.4678 28.6590
4.4535 2.5923 1.5769 13.9684
5.6140 7.5548 8.8388 24.8546
4.9458 3.1206 4.6689 15.3238
8.1241 1.8800 9.9942 9.9935
6.3309 0.8347 7.2555 8.9205
6.7852 3.1618 2.1352 20.8365
7.1732 0.0236 8.2273 5.7434
1.1890 6.4927 8.7365 13.0391
2.7998 9.7852 1.0018 34.5642
0.8135 2.7471 4.5298 4.5401
7.9234 8.6136 1.3342 38.9153
3.4705 8.7186 2.7841 30.1233
0.1857 0.4066 6.8100 -7.4777
9.3844 9.0985 0.4200 44.7767
7.4913 7.0132 6.5536 28.9630
6.4014 3.7245 5.3793 16.4984
2.0784 5.8713 0.0890 22.2064
7.8962 7.1850 3.3826 34.6969
6.2054 0.4120 1.6386 12.8297
3.9479 5.4848 2.9341 21.3225
4.7806 2.3971 0.4826 16.7909
0.7086 4.0317 3.2852 11.3268
4.1472 0.9940 9.0866 0.2981
9.7623 3.4365 4.7909 25.3550
6.9960 4.2654 3.0190 23.5661
9.1969 6.2674 3.7557 31.3296
9.7456 6.3888 0.6583 39.4339
0.6116 0.0785 3.9381 -1.6350
5.1900 4.4854 4.8862 17.6516
4.2304 3.6833 9.8846 8.8593
2.6092 7.7710 4.3122 23.9902
8.6358 7.0200 9.0301 29.5837
4.5161 6.7692 1.1891 27.6046
0.4210 9.4796 2.1589 27.5296
1.4635 1.9797 3.7803 4.5372
9.8869 9.8299 1.4840 47.6148
4.0591 6.7993 8.7766 17.5090
3.2246 4.9844 4.9865 16.4804
6.7007 2.0199 6.0977 13.5412
9.6257 8.9901 8.1812 38.9349
0.3547 1.4837 2.5688 3.0010
5.8295 7.1813 8.0706 23.2544
0.6636 0.8464 8.6890 -4.1301
0.4063 0.1529 8.4395 -6.9933
3.3059 1.6069 1.4882 8.4804
5.0500 9.0109 5.0243 29.9224
5.7387 6.7857 8.0511 23.9339
7.4697 9.0578 2.0610 37.0026
5.3542 5.9861 8.2570 18.6513
3.8857 5.8639 8.5132 17.0472
